       5

    1.24    0.22       0       0       0       0
    0.22    0.96       0       0       0       0
       0       0     1.1    0.14       0       0
       0       0    0.14    1.02       0       0
       0       0       0       0     1.4    0.28
       0       0       0       0    0.28    1.26

  0.0331 -0.0221  0.0247 -0.0157  0.0384 -0.0254
 -0.0221  0.0245 -0.0168   0.018 -0.0261  0.0277
  0.0247 -0.0168  0.0184 -0.0119  0.0286 -0.0192
 -0.0157   0.018 -0.0119  0.0133 -0.0185  0.0204
  0.0384 -0.0261  0.0286 -0.0185  0.0445 -0.0299
 -0.0254  0.0277 -0.0192  0.0204 -0.0299  0.0314

  0.0794
  0.0888
  0.0613
  0.0576
  0.0814
  0.0789


  Obs          COL1
-----  ------------
    1  0.0793541147
    2  0.0887697808
    3  0.0612516894
    4  0.0575667729
    5  0.0814197536
    6  0.0789160683


